Webots Project File version R2025a
perspectives: 000000ff00000000fd0000000200000001000001cc0000028efc0200000001fb0000001400540065007800740045006400690074006f007200000000000000028e0000004500ffffff0000000300000780000000d9fc0100000002fc00000000000007800000008700fffffffa000000000100000001fb0000001a0043006f006e0073006f006c00650041006c006c0041006c006c0100000000ffffffff0000008700fffffffb0000001a0043006f006e0073006f006c00650041006c006c0041006c006c0100000000000005a00000000000000000000007800000034200000001000000020000000100000008fc00000000
simulationViewPerspectives: 000000ff000000010000000200000157000004470100000002010000000101
sceneTreePerspectives: 000000ff00000001000000030000001e00000251000000fa0100000002010000000201
minimizedPerspectives: 000000ff00000000fd00000003000000000000016c00000469fc0200000001fb00000012005300630065006e006500540072006500650100000019000004690000018500ffffff000000010000022e0000036bfc0200000001fb0000001400540065007800740045006400690074006f007201000000190000036b000000ab00ffffff00000003000005cd000000f8fc0100000001fb0000000e0043006f006e0073006f006c00650100000172000005cd0000004e00ffffff000003990000036b00000004000000040000000100000008fc00000000
maximizedDockId: -1
centralWidgetVisible: 1
projectionMode: PERSPECTIVE
orthographicViewHeight: 1
textFiles: -1
globalOptionalRendering: DistanceSensorRays::LightSensorRays::PenPaintingRays::RadarFrustums::Skeleton::LidarPointClouds::LidarRaysPaths::CameraFrustums
consoles: Console:All:All
renderingDevicePerspectives: vehicle:camera;1;0.241877;0;0.00233646
